7754
7754
7691
7581
7625
7584
751
7614
752
7616
745
7424
773
7612
7613
7618
7561
755
7617
7564
7741
761111
7422
76116
7761
7671
7615
7411
7764
757
771
7712
766
7746
753
764
7541
7721
772
7619
7443
765
7544
7438
763
7591
7592
7622
746
763
7438
7443
7721
7613
7616
7615
771
7625
7625
7616
7613
7618
7617
7741
7615
7721
7619
7443
763
746
7741
7615
7721
7619
7443
763
746
7625
7616
7613
7618
7617
7625
7616
7613
7618
7617
7741
7615
7721
7619
7443
763
746
7625
7616
7613
7618
7741
7615
7721
7619
7443
763
746
7625
7616
7613
7618
7741
7615
7721
7619
7443
763
746
7754
7691
7754
7691
7581
7625
7584
751
7614
752
7616
745
7424
773
7612
7613
7618
7561
755
7617
7564
761111
761112
7741
7422
76116
7761
7671
7615
7411
7764
757
771
7712
766
7746
753
764
7541
7721
772
7619
7443
765
7544
7438
763
7591
7592
7622
746
7754
7691
7581
7625
7584
751
7614
752
7616
745
7424
773
7612
7613
7618
7561
755
7617
7564
761111
761112
7741
7422
76116
7761
7671
7615
7411
7764
757
771
7712
766
7746
753
764
7541
7721
772
7619
7443
765
7544
7438
763
7591
7592
7622
746
7619
7619
7619
7619
7754
7691
7581
7625
7584
751
7614
752
7616
745
7424
773
7612
7613
7618
7561
755
7617
7564
761111
761112
7741
7422
76116
7761
7671
7615
7411
7764
757
771
7712
766
7746
753
764
7541
7721
772
7619
7443
765
7544
7438
763
7591
7592
7622
746
7754
7691
7581
7625
7584
751
7614
752
7616
745
7424
773
7612
7613
7618
7561
755
7617
7564
761111
761112
7741
7422
76116
7761
7671
7615
7411
7764
757
771
7712
766
7746
753
764
7541
7721
772
7619
7443
765
7544
7438
763
7754
7691
7581
7625
7584
751
7614
752
7616
745
7424
773
7612
7613
7618
7561
755
7617
7564
761111
761112
7741
7422
76116
7761
7671
7615
7411
7764
757
771
7712
766
7746
753
764
7541
7721
772
7619
7443
765
7544
7438
763
7591
7592
7622
746
7754
7691
7581
7625
7584
751
7614
752
7616
745
7424
773
7612
7613
7618
7561
755
7617
7564
761111
761112
7741
7422
76116
7761
7671
7615
7411
7754
7754
7691
7581
7625
7584
751
7614
752
7616
745
7424
773
7612
7613
7618
7561
755
7617
7564
761111
761112
7741
7422
76116
7761
7671
7615
7411
757
771
7712
766
7746
753
764
7541
7721
772
7619
7443
765
7544
7438
763
7591
7592
7622
746
7764
757
771
7712
766
7746
753
764
7541
7721
772
7619
7443
765
7544
7438
763
7591
7592
7622
746
7754
7691
7581
7625
7584
751
7614
752
7616
745
7424
773
7612
7613
7618
7561
755
7617
7564
761111
761112
7741
7422
76116
7761
7671
7615
7411
7764
757
771
7712
766
7746
753
764
7541
7721
772
7619
7443
765
7544
7438
763
7591
7592
7622
746
7581
7581
7754
7754
7754
7754
7754
7754
7691
7584
751
7614
752
7616
745
773
7612
7618
7561
755
7617
7564
7741
7422
76116
7761
7671
7615
7411
7764
757
771
7712
766
7746
753
764
7541
7619
765
7544
7438
763
7591
7592
7622
7754
7691
7584
7616
7612
7618
7561
755
7617
7564
7741
76116
7615
757
7712
7746
7541
7619
7544
763
7592
7584
7616
7612
7618
7561
755
7617
7564
7741
76116
7615
757
7712
7746
7541
7619
7544
763
7592
7584
7616
7612
7618
7561
755
7617
7564
7741
76116
7615
757
7712
7746
7541
7619
7544
763
7592
7584
7584
7616
7612
7618
7561
755
7617
7411
746
7541
7544
7591
7592
761111
761112
7612
7613
7614
7615
771
7712
772
7721
773
7741
7746
7754
7761
7764
7411
746
7541
7544
7591
7592
761111
761112
7612
7613
7614
7615
771
7712
772
7721
773
7741
7746
7754
7761
7764
7541
7544
7592
7612
7615
7712
7721
7741
7746
7541
7544
7592
7612
7615
7712
7721
7741
7746
7584
7616
7612
7618
7561
755
7617
7564
7741
76116
7615
757
7712
7746
7541
7619
7544
763
7592
7584
7616
7612
7618
7561
755
7617
7564
7741
76116
7615
757
7712
7746
7541
7619
7544
763
7592
7584
7616
7612
7618
7561
755
7617
7564
7741
76116
7615
757
7712
7746
7541
7619
7544
763
7592
7584
7584
7584
7584
7584
7584
7584
7541
7544
7592
7612
7615
7712
7721
7741
7746
